0,0
1,0
2,0
3,0
4,0
5,0
6,0
7,0
7,1
7,2
7,3
7,4
7,5
8,5
9,5
9,4
9,3
10,3
11,3
11,2
10,2
9,2
8,2
8,1
9,1
10,1
10,0
11,0
12,0
12,1
13,1
13,2
14,2
14,1
15,1
16,1
17,1
17,0
18,0
18,1
18,2
18,3
17,3
16,3
16,4
15,4
15,5
15,6
14,6
14,7
15,7
15,8
14,8
13,8
13,7
13,6
13,5
13,4
13,3
12,3
12,4
12,5
11,5
11,6
12,6
12,7
12,8
11,8
10,8
10,9
9,9
8,9
8,10
9,10
9,11
9,12
8,12
8,13
7,13
7,14
8,14
9,14
9,13
10,13
10,14
10,15
10,16
10,17
11,17
11,18
12,18
12,19
11,19
10,19
9,19
9,20
8,20
8,21
8,22
8,23
8,24
8,25
8,26
7,26
7,25
6,25
6,26
5,26
5,25
5,24
6,24
6,23
5,23
4,23
3,23
3,24
4,24
4,25
3,25
2,25
2,24
2,23
1,23
1,24
1,25
0,25
0,26
0,27
0,28
1,28
2,28
2,27
3,27
3,28
4,28
4,29
5,29
5,30
5,31
4,31
4,30
3,30
2,30
2,29
1,29
0,29
0,30
1,30
1,31
2,31
3,31
3,32
2,32
2,33
1,33
0,33
0,34
0,35
0,36
0,37
0,38
1,38
1,37
1,36
1,35
2,35
3,35
3,34
3,33
4,33
4,34
5,34
5,33
5,32
6,32
6,31
7,31
7,30
6,30
6,29
7,29
7,28
6,28
5,28
5,27
6,27
7,27
8,27
9,27
9,28
9,29
8,29
8,30
8,31
8,32
7,32
7,33
8,33
8,34
8,35
7,35
7,34
6,34
6,35
5,35
5,36
5,37
4,37
3,37
2,37
2,38
3,38
3,39
4,39
5,39
6,39
6,40
5,40
4,40
3,40
2,40
2,39
1,39
0,39
0,40
1,40
1,41
2,41
2,42
2,43
2,44
1,44
1,45
1,46
1,47
2,47
2,46
3,46
3,45
4,45
4,46
5,46
5,45
6,45
6,44
7,44
8,44
8,43
7,43
7,42
6,42
6,41
7,41
8,41
8,42
9,42
9,41
10,41
11,41
11,42
10,42
10,43
11,43
11,44
11,45
12,45
12,46
11,46
11,47
11,48
11,49
12,49
12,48
13,48
14,48
14,49
13,49
13,50
14,50
15,50
15,51
14,51
13,51
13,52
12,52
12,51
11,51
11,50
10,50
10,49
10,48
10,47
9,47
9,46
8,46
8,45
7,45
7,46
6,46
6,47
5,47
4,47
3,47
3,48
2,48
1,48
0,48
0,49
1,49
2,49
2,50
2,51
2,52
1,52
1,51
0,51
0,52
0,53
0,54
1,54
1,53
2,53
3,53
3,54
4,54
4,53
5,53
5,54
5,55
4,55
4,56
3,56
3,55
2,55
2,56
1,56
0,56
0,57
1,57
2,57
2,58
1,58
0,58
0,59
1,59
1,60
1,61
0,61
0,62
0,63
0,64
0,65
0,66
1,66
1,67
0,67
0,68
1,68
1,69
1,70
1,71
1,72
0,72
0,73
0,74
1,74
1,73
2,73
3,73
3,72
3,71
4,71
5,71
5,70
4,70
3,70
3,69
4,69
4,68
3,68
3,67
3,66
2,66
2,65
1,65
1,64
1,63
2,63
3,63
3,64
4,64
5,64
5,63
4,63
4,62
4,61
4,60
5,60
5,61
6,61
6,62
6,63
7,63
7,62
7,61
8,61
9,61
9,62
10,62
11,62
11,63
10,63
10,64
9,64
9,65
10,65
10,66
9,66
9,67
9,68
9,69
9,70
8,70
8,71
7,71
6,71
6,72
5,72
4,72
4,73
5,73
5,74
4,74
3,74
2,74
2,75
1,75
0,75
0,76
1,76
2,76
3,76
3,75
4,75
5,75
5,76
5,77
5,78
6,78
6,79
5,79
5,80
5,81
6,81
6,80
7,80
8,80
8,79
9,79
9,78
10,78
11,78
12,78
13,78
14,78
14,77
15,77
15,78
16,78
16,77
16,76
16,75
15,75
14,75
13,75
13,74
13,73
14,73
14,74
15,74
16,74
17,74
17,73
16,73
16,72
16,71
15,71
15,72
14,72
13,72
13,71
13,70
12,70
12,71
12,72
12,73
11,73
11,72
10,72
10,73
9,73
8,73
8,74
7,74
7,75
8,75
9,75
9,74
10,74
10,75
11,75
12,75
12,76
13,76
13,77
12,77
11,77
10,77
9,77
8,77
8,78
7,78
7,77
6,77
6,76
6,75
6,74
6,73
7,73
7,72
8,72
9,72
9,71
10,71
10,70
10,69
10,68
11,68
11,69
12,69
12,68
12,67
11,67
11,66
11,65
11,64
12,64
12,65
13,65
14,65
14,66
15,66
15,67
16,67
16,66
16,65
17,65
17,66
18,66
19,66
20,66
21,66
21,67
21,68
21,69
20,69
20,70
21,70
21,71
21,72
21,73
21,74
22,74
23,74
24,74
24,73
25,73
25,74
26,74
26,73
26,72
25,72
24,72
24,71
23,71
23,72
23,73
22,73
22,72
22,71
22,70
22,69
22,68
22,67
22,66
23,66
23,67
23,68
23,69
23,70
24,70
25,70
25,69
26,69
26,70
27,70
27,69
27,68
26,68
26,67
27,67
28,67
28,68
29,68
29,67
29,66
28,66
27,66
27,65
27,64
28,64
29,64
30,64
31,64
31,63
30,63
29,63
28,63
27,63
27,62
28,62
28,61
27,61
27,60
28,60
29,60
30,60
30,61
31,61
31,60
31,59
32,59
32,60
33,60
34,60
34,59
35,59
36,59
36,58
36,57
37,57
37,58
37,59
37,60
36,60
35,60
35,61
36,61
37,61
38,61
39,61
39,62
38,62
38,63
39,63
40,63
41,63
42,63
43,63
43,64
44,64
45,64
45,65
45,66
45,67
46,67
46,68
47,68
47,69
46,69
46,70
47,70
48,70
49,70
49,71
48,71
47,71
46,71
45,71
44,71
44,72
43,72
43,73
43,74
43,75
43,76
44,76
45,76
45,75
45,74
46,74
47,74
48,74
48,73
49,73
50,73
50,74
49,74
49,75
48,75
47,75
46,75
46,76
46,77
46,78
46,79
45,79
45,80
44,80
44,79
43,79
43,80
43,81
43,82
44,82
44,81
45,81
45,82
46,82
46,81
46,80
47,80
47,81
47,82
48,82
48,81
48,80
49,80
50,80
50,81
51,81
52,81
52,80
53,80
53,81
54,81
55,81
55,82
55,83
55,84
54,84
53,84
53,83
54,83
54,82
53,82
52,82
52,83
51,83
51,82
50,82
49,82
49,83
48,83
48,84
49,84
50,84
50,85
49,85
48,85
47,85
47,86
47,87
47,88
48,88
48,89
49,89
49,88
50,88
50,89
51,89
52,89
52,90
53,90
53,89
53,88
54,88
54,89
54,90
54,91
54,92
53,92
53,93
52,93
52,94
51,94
50,94
50,93
51,93
51,92
52,92
52,91
51,91
51,90
50,90
50,91
50,92
49,92
48,92
48,91
49,91
49,90
48,90
47,90
46,90
46,91
45,91
45,92
44,92
44,91
44,90
45,90
45,89
45,88
46,88
46,87
46,86
46,85
46,84
45,84
45,83
44,83
43,83
42,83
41,83
41,82
41,81
40,81
40,82
39,82
39,81
39,80
38,80
38,81
38,82
37,82
36,82
36,81
36,80
35,80
35,79
36,79
37,79
37,78
37,77
36,77
36,78
35,78
35,77
34,77
34,76
35,76
36,76
37,76
38,76
38,77
39,77
40,77
40,78
40,79
40,80
41,80
42,80
42,79
42,78
43,78
43,77
42,77
41,77
41,76
42,76
42,75
41,75
41,74
41,73
40,73
40,74
39,74
38,74
37,74
37,73
37,72
37,71
38,71
39,71
39,70
38,70
38,69
39,69
40,69
40,70
41,70
42,70
43,70
44,70
44,69
43,69
43,68
42,68
42,69
41,69
41,68
41,67
42,67
42,66
41,66
41,65
41,64
40,64
39,64
39,65
38,65
37,65
37,66
37,67
36,67
36,68
37,68
37,69
36,69
36,70
36,71
35,71
35,70
35,69
35,68
34,68
34,67
33,67
33,66
32,66
31,66
31,65
30,65
30,66
30,67
30,68
31,68
32,68
32,69
33,69
33,70
33,71
32,71
31,71
30,71
30,72
31,72
32,72
32,73
33,73
33,74
32,74
32,75
31,75
31,74
31,73
30,73
30,74
30,75
29,75
29,76
28,76
28,77
27,77
26,77
26,76
25,76
24,76
23,76
23,77
23,78
22,78
21,78
21,79
22,79
22,80
21,80
20,80
20,79
19,79
19,78
18,78
18,79
17,79
16,79
15,79
14,79
13,79
12,79
11,79
10,79
10,80
10,81
9,81
8,81
8,82
9,82
10,82
11,82
12,82
13,82
14,82
14,83
15,83
15,82
15,81
14,81
13,81
12,81
12,80
13,80
14,80
15,80
16,80
16,81
17,81
18,81
19,81
19,82
18,82
18,83
18,84
19,84
19,85
18,85
18,86
19,86
19,87
18,87
17,87
17,88
16,88
16,87
16,86
17,86
17,85
16,85
15,85
15,84
14,84
13,84
13,85
13,86
14,86
14,87
15,87
15,88
14,88
14,89
14,90
13,90
13,89
12,89
12,88
12,87
11,87
11,88
11,89
10,89
10,88
10,87
10,86
9,86
9,85
9,84
8,84
8,83
7,83
7,82
6,82
6,83
6,84
6,85
6,86
5,86
5,87
4,87
4,88
4,89
5,89
6,89
6,88
7,88
7,87
7,86
8,86
8,87
8,88
9,88
9,89
8,89
8,90
8,91
9,91
9,90
10,90
11,90
12,90
12,91
12,92
11,92
11,93
12,93
13,93
14,93
14,92
15,92
15,93
15,94
16,94
17,94
18,94
18,93
18,92
19,92
19,93
20,93
20,92
20,91
20,90
21,90
21,91
22,91
22,92
23,92
23,93
24,93
24,92
25,92
25,91
24,91
24,90
24,89
23,89
23,90
22,90
22,89
22,88
22,87
22,86
23,86
24,86
24,87
24,88
25,88
25,87
26,87
27,87
27,88
28,88
28,89
27,89
27,90
27,91
26,91
26,92
27,92
28,92
28,91
29,91
29,92
30,92
30,93
31,93
31,92
31,91
32,91
32,92
33,92
34,92
34,93
33,93
32,93
32,94
31,94
30,94
29,94
29,93
28,93
27,93
26,93
26,94
25,94
25,95
25,96
25,97
26,97
27,97
27,96
26,96
26,95
27,95
27,94
28,94
28,95
28,96
29,96
30,96
30,95
31,95
31,96
31,97
32,97
33,97
33,98
33,99
32,99
32,98
31,98
31,99
30,99
30,98
30,97
29,97
29,98
29,99
29,100
29,101
29,102
29,103
30,103
30,104
30,105
30,106
31,106
31,105
31,104
32,104
32,105
32,106
32,107
31,107
31,108
32,108
32,109
33,109
33,110
33,111
33,112
32,112
32,113
33,113
34,113
35,113
35,114
35,115
35,116
36,116
36,117
35,117
35,118
35,119
36,119
36,120
37,120
38,120
38,119
37,119
37,118
38,118
38,117
37,117
37,116
38,116
39,116
39,117
39,118
39,119
39,120
39,121
38,121
37,121
37,122
37,123
36,123
36,124
35,124
35,125
35,126
34,126
34,127
33,127
32,127
32,126
31,126
31,127
31,128
31,129
31,130
30,130
30,129
30,128
30,127
29,127
29,128
29,129
29,130
28,130
27,130
27,129
28,129
28,128
28,127
27,127
26,127
25,127
24,127
24,128
24,129
25,129
25,130
25,131
24,131
23,131
23,132
22,132
22,131
22,130
22,129
23,129
23,128
22,128
21,128
20,128
20,127
21,127
22,127
22,126
21,126
20,126
19,126
18,126
18,127
18,128
19,128
19,129
18,129
18,130
17,130
17,129
16,129
16,130
15,130
15,131
14,131
14,130
14,129
13,129
13,130
13,131
12,131
12,132
13,132
13,133
14,133
14,134
14,135
13,135
13,134
12,134
12,133
11,133
10,133
10,132
11,132
11,131
11,130
11,129
11,128
10,128
9,128
9,129
9,130
9,131
9,132
9,133
8,133
8,134
8,135
8,136
8,137
8,138
7,138
6,138
6,137
7,137
7,136
6,136
5,136
5,137
5,138
5,139
6,139
7,139
7,140
7,141
6,141
5,141
5,140
4,140
4,139
4,138
3,138
3,139
2,139
2,140
3,140
3,141
4,141
4,142
4,143
3,143
2,143
1,143
0,143
0,144
0,145
0,146
1,146
1,145
2,145
2,146
3,146
3,147
2,147
1,147
1,148
0,148
0,149
1,149
2,149
2,148
3,148
4,148
4,147
4,146
4,145
4,144
5,144
5,145
5,146
6,146
6,147
5,147
5,148
6,148
7,148
7,149
6,149
5,149
5,150
5,151
4,151
4,152
5,152
6,152
7,152
7,151
6,151
6,150
7,150
8,150
9,150
9,149
10,149
10,148
11,148
11,149
12,149
12,150
12,151
13,151
13,152
12,152
12,153
12,154
12,155
11,155
11,154
10,154
10,153
9,153
8,153
8,154
7,154
7,153
6,153
5,153
5,154
4,154
4,153
3,153
3,154
3,155
2,155
1,155
1,156
0,156
0,157
1,157
2,157
3,157
3,156
4,156
4,157
4,158
3,158
3,159
4,159
4,160
5,160
6,160
6,159
6,158
7,158
7,159
7,160
7,161
6,161
5,161
4,161
3,161
3,162
3,163
3,164
2,164
2,163
2,162
1,162
0,162
0,163
0,164
0,165
0,166
1,166
2,166
3,166
4,166
4,167
5,167
5,166
6,166
7,166
7,165
6,165
6,164
5,164
5,165
4,165
4,164
4,163
5,163
6,163
6,162
7,162
7,163
7,164
8,164
8,163
9,163
9,162
8,162
8,161
9,161
10,161
11,161
12,161
13,161
14,161
15,161
15,160
14,160
13,160
12,160
12,159
13,159
13,158
12,158
11,158
11,159
11,160
10,160
10,159
10,158
9,158
8,158
8,157
7,157
7,156
6,156
6,157
5,157
5,156
5,155
6,155
7,155
8,155
8,156
9,156
9,155
10,155
10,156
10,157
11,157
12,157
13,157
13,156
14,156
15,156
16,156
16,157
16,158
16,159
16,160
16,161
16,162
15,162
14,162
13,162
12,162
11,162
10,162
10,163
11,163
12,163
12,164
13,164
13,163
14,163
15,163
15,164
16,164
17,164
18,164
18,165
17,165
16,165
15,165
15,166
16,166
17,166
17,167
17,168
16,168
16,169
15,169
15,168
14,168
14,169
14,170
14,171
13,171
13,172
14,172
14,173
13,173
12,173
12,172
12,171
11,171
11,170
11,169
12,169
13,169
13,168
12,168
12,167
11,167
11,166
10,166
10,165
10,164
9,164
9,165
8,165
8,166
8,167
9,167
10,167
10,168
10,169
10,170
9,170
9,171
10,171
10,172
9,172
8,172
8,171
7,171
7,172
7,173
6,173
5,173
4,173
4,174
5,174
5,175
4,175
4,176
3,176
3,177
3,178
4,178
4,179
4,180
3,180
2,180
1,180
1,181
2,181
3,181
3,182
2,182
2,183
1,183
1,182
0,182
0,183
0,184
1,184
2,184
2,185
3,185
3,186
3,187
3,188
4,188
5,188
5,189
6,189
6,188
6,187
7,187
7,188
7,189
7,190
8,190
8,191
7,191
6,191
6,190
5,190
5,191
4,191
4,190
3,190
3,189
2,189
1,189
1,188
1,187
0,187
0,188
0,189
0,190
1,190
2,190
2,191
2,192
3,192
4,192
4,193
4,194
3,194
3,195
4,195
5,195
6,195
7,195
8,195
8,194
7,194
7,193
8,193
8,192
9,192
9,191
10,191
10,190
9,190
9,189
10,189
10,188
11,188
12,188
12,189
13,189
13,190
14,190
14,189
15,189
15,190
15,191
15,192
16,192
16,193
17,193
17,194
17,195
18,195
19,195
19,196
18,196
17,196
17,197
17,198
17,199
17,200
16,200
15,200
15,201
16,201
17,201
18,201
18,200
18,199
19,199
19,200
20,200
21,200
22,200
23,200
23,199
23,198
23,197
22,197
21,197
21,198
21,199
20,199
20,198
19,198
18,198
18,197
19,197
20,197
20,196
20,195
20,194
20,193
21,193
21,194
21,195
21,196
22,196
22,195
23,195
24,195
24,194
23,194
23,193
22,193
22,192
21,192
20,192
19,192
19,193
18,193
18,192
17,192
17,191
17,190
17,189
16,189
16,188
16,187
15,187
15,186
15,185
16,185
16,184
16,183
15,183
14,183
14,184
14,185
13,185
12,185
12,184
13,184
13,183
13,182
12,182
11,182
11,183
10,183
10,182
10,181
11,181
12,181
13,181
14,181
15,181
15,182
16,182
16,181
16,180
17,180
17,179
17,178
17,177
18,177
18,178
19,178
20,178
21,178
21,179
20,179
20,180
19,180
19,179
18,179
18,180
18,181
18,182
18,183
17,183
17,184
18,184
19,184
20,184
21,184
21,185
21,186
22,186
23,186
23,185
24,185
25,185
26,185
27,185
27,186
26,186
26,187
26,188
26,189
27,189
27,188
27,187
28,187
28,186
29,186
29,187
30,187
30,186
30,185
29,185
29,184
28,184
28,183
28,182
27,182
27,181
26,181
26,182
25,182
25,181
24,181
24,182
23,182
23,183
24,183
25,183
25,184
24,184
23,184
22,184
22,183
22,182
21,182
21,183
20,183
19,183
19,182
19,181
20,181
21,181
21,180
22,180
22,179
23,179
23,180
24,180
25,180
26,180
26,179
25,179
24,179
24,178
23,178
23,177
23,176
22,176
22,177
21,177
21,176
21,175
21,174
21,173
22,173
22,174
23,174
23,175
24,175
25,175
25,176
26,176
27,176
28,176
28,177
27,177
27,178
28,178
29,178
29,179
30,179
31,179
32,179
32,178
31,178
31,177
32,177
32,176
31,176
31,175
31,174
32,174
32,173
33,173
33,174
33,175
34,175
34,174
35,174
35,175
36,175
36,174
37,174
38,174
38,175
39,175
40,175
40,176
41,176
41,175
41,174
42,174
43,174
43,173
42,173
41,173
40,173
40,172
40,171
39,171
39,170
38,170
37,170
37,171
38,171
38,172
39,172
39,173
38,173
37,173
36,173
36,172
35,172
34,172
34,171
34,170
33,170
33,169
34,169
34,168
35,168
35,167
36,167
36,166
37,166
37,165
37,164
37,163
37,162
36,162
36,161
37,161
37,160
38,160
38,161
39,161
40,161
41,161
42,161
42,162
41,162
41,163
40,163
40,162
39,162
39,163
38,163
38,164
38,165
38,166
38,167
39,167
40,167
40,166
40,165
41,165
41,166
42,166
43,166
43,165
43,164
44,164
45,164
45,163
44,163
44,162
45,162
45,161
46,161
46,162
47,162
47,161
47,160
46,160
45,160
44,160
43,160
42,160
41,160
41,159
41,158
41,157
40,157
40,158
40,159
40,160
39,160
39,159
38,159
38,158
37,158
37,159
36,159
36,158
35,158
35,157
35,156
35,155
35,154
34,154
34,155
33,155
32,155
31,155
31,156
30,156
30,157
29,157
29,158
28,158
27,158
26,158
26,159
25,159
25,160
24,160
23,160
23,159
23,158
23,157
23,156
24,156
25,156
25,155
26,155
26,156
27,156
28,156
28,155
28,154
29,154
30,154
31,154
31,153
30,153
29,153
29,152
28,152
28,153
27,153
27,154
26,154
26,153
25,153
25,154
24,154
24,155
23,155
23,154
22,154
22,153
21,153
21,152
22,152
23,152
23,151
24,151
25,151
26,151
26,152
27,152
27,151
27,150
26,150
25,150
25,149
25,148
26,148
27,148
27,147
26,147
26,146
27,146
28,146
28,147
29,147
29,148
29,149
28,149
28,150
29,150
29,151
30,151
31,151
32,151
33,151
34,151
35,151
36,151
36,152
35,152
35,153
36,153
36,154
36,155
36,156
37,156
38,156
38,157
39,157
39,156
39,155
40,155
41,155
41,154
40,154
40,153
40,152
40,151
40,150
39,150
39,151
38,151
38,150
38,149
37,149
37,150
36,150
36,149
35,149
35,150
34,150
34,149
34,148
33,148
32,148
32,147
32,146
31,146
31,145
30,145
30,144
30,143
29,143
29,144
28,144
28,145
27,145
27,144
27,143
27,142
27,141
28,141
29,141
29,140
30,140
30,139
29,139
28,139
28,140
27,140
26,140
26,141
25,141
24,141
23,141
22,141
22,142
22,143
23,143
23,142
24,142
25,142
25,143
24,143
24,144
23,144
23,145
23,146
22,146
22,147
21,147
21,148
21,149
22,149
22,148
23,148
23,149
24,149
24,150
23,150
22,150
22,151
21,151
21,150
20,150
20,151
20,152
19,152
19,151
18,151
18,150
19,150
19,149
19,148
18,148
18,149
17,149
17,148
17,147
17,146
18,146
18,145
18,144
19,144
19,143
20,143
21,143
21,142
20,142
19,142
19,141
18,141
17,141
17,140
17,139
18,139
19,139
19,138
19,137
19,136
18,136
17,136
16,136
16,135
17,135
18,135
18,134
18,133
17,133
16,133
16,134
15,134
15,133
15,132
16,132
17,132
18,132
19,132
19,133
20,133
20,132
20,131
19,131
19,130
20,130
20,129
21,129
21,130
21,131
21,132
21,133
22,133
23,133
24,133
25,133
25,132
26,132
26,133
26,134
25,134
25,135
26,135
27,135
28,135
29,135
30,135
30,134
29,134
29,133
28,133
27,133
27,132
28,132
28,131
29,131
30,131
30,132
31,132
31,131
32,131
32,130
33,130
33,129
34,129
34,128
35,128
35,129
36,129
36,130
36,131
36,132
36,133
37,133
37,132
38,132
38,133
39,133
39,132
39,131
40,131
40,130
41,130
41,131
41,132
40,132
40,133
40,134
39,134
39,135
38,135
38,136
38,137
38,138
39,138
39,139
38,139
37,139
37,140
37,141
36,141
36,140
35,140
35,141
34,141
34,140
33,140
33,139
33,138
34,138
34,137
34,136
34,135
34,134
33,134
32,134
32,135
31,135
31,136
32,136
32,137
32,138
32,139
32,140
31,140
31,141
32,141
33,141
33,142
34,142
34,143
33,143
33,144
32,144
32,145
33,145
34,145
35,145
36,145
36,144
35,144
35,143
36,143
37,143
37,142
38,142
38,141
38,140
39,140
39,141
40,141
40,140
41,140
41,139
40,139
40,138
40,137
40,136
41,136
41,135
41,134
41,133
42,133
42,132
43,132
43,131
44,131
44,132
45,132
46,132
47,132
47,131
46,131
46,130
46,129
46,128
47,128
47,129
48,129
49,129
50,129
51,129
51,130
52,130
52,131
53,131
53,130
53,129
53,128
53,127
52,127
52,128
51,128
51,127
50,127
50,126
50,125
49,125
48,125
48,126
47,126
47,127
46,127
45,127
45,128
45,129
44,129
43,129
42,129
41,129
41,128
42,128
43,128
44,128
44,127
44,126
45,126
45,125
44,125
43,125
42,125
42,124
41,124
40,124
40,125
41,125
41,126
40,126
39,126
39,125
38,125
38,126
37,126
37,127
37,128
36,128
36,127
36,126
36,125
37,125
37,124
38,124
38,123
38,122
39,122
39,123
40,123
40,122
40,121
41,121
41,120
42,120
42,119
41,119
40,119
40,118
41,118
42,118
43,118
43,119
43,120
44,120
44,119
45,119
45,118
45,117
44,117
43,117
43,116
44,116
44,115
43,115
43,114
44,114
44,113
45,113
46,113
46,112
45,112
45,111
45,110
45,109
44,109
44,110
44,111
43,111
43,110
43,109
43,108
42,108
42,107
43,107
44,107
45,107
45,108
46,108
46,107
47,107
48,107
49,107
50,107
50,106
51,106
52,106
52,107
52,108
51,108
50,108
50,109
50,110
51,110
51,111
51,112
50,112
50,111
49,111
49,110
48,110
47,110
47,111
47,112
48,112
49,112
49,113
49,114
48,114
47,114
46,114
45,114
45,115
46,115
47,115
47,116
46,116
46,117
47,117
47,118
47,119
47,120
46,120
46,121
46,122
45,122
45,121
44,121
43,121
42,121
42,122
42,123
43,123
43,124
44,124
45,124
45,123
46,123
46,124
46,125
47,125
47,124
48,124
49,124
50,124
51,124
51,125
51,126
52,126
53,126
54,126
54,127
54,128
54,129
55,129
56,129
56,128
55,128
55,127
55,126
56,126
57,126
57,127
57,128
58,128
58,129
57,129
57,130
58,130
59,130
59,129
60,129
60,130
61,130
62,130
62,131
63,131
64,131
65,131
65,132
65,133
64,133
63,133
63,134
62,134
62,133
61,133
61,134
61,135
62,135
63,135
63,136
64,136
65,136
65,137
66,137
66,138
65,138
64,138
64,137
63,137
63,138
62,138
62,139
61,139
60,139
60,140
61,140
61,141
61,142
60,142
59,142
59,143
59,144
59,145
59,146
59,147
59,148
59,149
58,149
58,148
57,148
57,149
57,150
56,150
56,151
57,151
58,151
58,152
59,152
60,152
60,153
60,154
59,154
59,153
58,153
57,153
57,152
56,152
56,153
55,153
55,152
55,151
55,150
54,150
53,150
53,151
53,152
52,152
51,152
51,153
50,153
50,154
49,154
48,154
47,154
47,155
48,155
48,156
47,156
46,156
46,155
45,155
45,156
44,156
44,155
44,154
43,154
42,154
42,155
42,156
42,157
42,158
42,159
43,159
43,158
44,158
45,158
45,157
46,157
46,158
47,158
47,159
48,159
48,158
48,157
49,157
49,158
49,159
50,159
50,158
51,158
52,158
53,158
54,158
55,158
55,159
55,160
54,160
54,161
55,161
56,161
57,161
57,162
58,162
59,162
60,162
61,162
61,163
60,163
60,164
59,164
59,165
59,166
59,167
60,167
61,167
61,166
62,166
63,166
63,167
62,167
62,168
61,168
61,169
62,169
62,170
62,171
61,171
60,171
60,172
59,172
59,173
59,174
60,174
60,175
59,175
58,175
58,174
57,174
57,173
56,173
55,173
54,173
53,173
53,174
52,174
51,174
51,175
52,175
53,175
53,176
54,176
55,176
56,176
57,176
57,177
57,178
58,178
58,177
58,176
59,176
59,177
59,178
59,179
60,179
60,178
60,177
61,177
61,178
61,179
62,179
62,180
61,180
61,181
60,181
60,182
60,183
59,183
59,184
59,185
60,185
60,186
59,186
59,187
60,187
61,187
62,187
63,187
64,187
64,186
63,186
63,185
62,185
62,186
61,186
61,185
61,184
61,183
62,183
62,182
63,182
63,181
63,180
64,180
64,179
65,179
65,178
65,177
65,176
66,176
66,175
66,174
66,173
65,173
65,174
64,174
64,175
64,176
63,176
63,175
62,175
62,176
61,176
61,175
61,174
61,173
62,173
62,172
63,172
63,173
64,173
64,172
64,171
64,170
63,170
63,169
64,169
65,169
65,170
65,171
66,171
66,172
67,172
67,173
67,174
67,175
67,176
67,177
67,178
66,178
66,179
66,180
66,181
65,181
64,181
64,182
64,183
65,183
65,182
66,182
66,183
66,184
66,185
67,185
67,186
68,186
69,186
69,185
68,185
68,184
67,184
67,183
67,182
67,181
67,180
68,180
69,180
69,181
70,181
70,182
70,183
70,184
70,185
70,186
70,187
69,187
68,187
68,188
68,189
68,190
67,190
66,190
66,191
66,192
66,193
67,193
67,194
67,195
68,195
69,195
69,194
70,194
70,193
70,192
71,192
71,193
72,193
72,194
72,195
71,195
71,196
70,196
69,196
68,196
68,197
67,197
67,198
67,199
68,199
69,199
69,198
69,197
70,197
70,198
70,199
70,200
69,200
68,200
68,201
69,201
70,201
70,202
71,202
72,202
72,201
71,201
71,200
71,199
72,199
72,198
71,198
71,197
72,197
73,197
74,197
75,197
75,198
74,198
74,199
74,200
75,200
75,199
76,199
76,200
77,200
77,201
78,201
79,201
80,201
81,201
81,200
81,199
81,198
82,198
83,198
83,197
82,197
81,197
80,197
80,198
79,198
79,197
78,197
78,198
77,198
76,198
76,197
77,197
77,196
76,196
75,196
75,195
74,195
74,194
75,194
75,193
75,192
75,191
74,191
74,190
73,190
73,191
73,192
72,192
72,191
72,190
71,190
70,190
70,191
69,191
69,190
69,189
70,189
71,189
71,188
71,187
72,187
73,187
73,188
72,188
72,189
73,189
74,189
75,189
75,190
76,190
77,190
77,191
78,191
79,191
79,192
79,193
79,194
79,195
80,195
81,195
81,194
80,194
80,193
81,193
81,192
81,191
82,191
82,190
83,190
83,189
82,189
82,188
81,188
81,189
81,190
80,190
80,189
80,188
79,188
78,188
78,187
77,187
76,187
75,187
74,187
74,186
75,186
76,186
77,186
78,186
78,185
78,184
79,184
79,185
79,186
80,186
81,186
82,186
82,187
83,187
83,186
84,186
85,186
85,185
85,184
86,184
86,183
86,182
86,181
87,181
87,180
88,180
88,179
89,179
89,180
90,180
90,181
91,181
92,181
92,180
93,180
93,181
93,182
92,182
92,183
93,183
93,184
93,185
94,185
94,186
95,186
95,187
94,187
93,187
93,186
92,186
92,185
91,185
91,186
91,187
92,187
92,188
92,189
92,190
91,190
91,191
90,191
90,190
89,190
89,189
90,189
91,189
91,188
90,188
89,188
88,188
88,187
89,187
90,187
90,186
90,185
90,184
91,184
91,183
91,182
90,182
90,183
89,183
89,182
89,181
88,181
88,182
88,183
88,184
87,184
87,185
87,186
87,187
87,188
86,188
85,188
84,188
84,189
84,190
84,191
85,191
86,191
86,192
85,192
85,193
86,193
86,194
87,194
87,195
87,196
86,196
86,197
87,197
87,198
87,199
87,200
88,200
88,201
88,202
89,202
89,201
89,200
90,200
90,199
91,199
91,200
91,201
91,202
92,202
92,201
92,200
93,200
93,201
94,201
95,201
96,201
96,202
97,202
97,201
97,200
96,200
96,199
97,199
98,199
99,199
99,200
100,200
101,200
101,201
101,202
102,202
103,202
104,202
104,201
103,201
102,201
102,200
102,199
101,199
101,198
101,197
100,197
100,198
99,198
98,198
97,198
96,198
95,198
95,199
95,200
94,200
94,199
94,198
94,197
93,197
92,197
92,196
92,195
91,195
91,194
90,194
90,193
90,192
91,192
92,192
93,192
93,191
93,190
94,190
94,191
95,191
96,191
96,190
97,190
97,191
98,191
98,190
98,189
97,189
97,188
97,187
98,187
99,187
100,187
101,187
102,187
102,186
103,186
104,186
105,186
106,186
106,187
107,187
107,188
106,188
106,189
106,190
105,190
105,189
105,188
105,187
104,187
103,187
103,188
102,188
102,189
101,189
101,190
102,190
103,190
103,191
104,191
105,191
106,191
107,191
107,192
106,192
105,192
105,193
105,194
105,195
106,195
106,194
107,194
108,194
109,194
110,194
111,194
112,194
112,195
111,195
110,195
109,195
109,196
108,196
108,195
107,195
107,196
107,197
108,197
108,198
108,199
107,199
107,198
106,198
105,198
105,199
105,200
106,200
107,200
108,200
109,200
109,199
110,199
110,198
111,198
112,198
112,197
113,197
113,198
113,199
114,199
114,198
115,198
115,197
116,197
116,198
117,198
118,198
118,199
117,199
116,199
115,199
115,200
115,201
115,202
116,202
117,202
118,202
118,201
118,200
119,200
120,200
120,201
121,201
121,202
122,202
123,202
124,202
125,202
126,202
127,202
128,202
129,202
129,201
130,201
131,201
131,200
131,199
131,198
130,198
129,198
128,198
127,198
127,199
128,199
128,200
128,201
127,201
126,201
126,200
126,199
125,199
125,200
125,201
124,201
124,200
124,199
123,199
123,198
123,197
122,197
121,197
121,196
121,195
121,194
122,194
122,195
122,196
123,196
123,195
123,194
123,193
124,193
124,194
125,194
125,195
124,195
124,196
124,197
124,198
125,198
126,198
126,197
126,196
126,195
126,194
127,194
127,195
127,196
127,197
128,197
129,197
130,197
131,197
131,196
130,196
129,196
129,195
130,195
131,195
131,194
131,193
130,193
130,194
129,194
128,194
128,193
128,192
129,192
129,191
128,191
128,190
128,189
127,189
127,190
127,191
126,191
125,191
125,190
125,189
125,188
125,187
125,186
126,186
126,187
126,188
127,188
127,187
127,186
127,185
127,184
128,184
128,185
129,185
130,185
131,185
131,186
131,187
132,187
133,187
134,187
135,187
135,188
136,188
136,189
137,189
138,189
138,188
137,188
137,187
138,187
139,187
140,187
140,186
140,185
140,184
141,184
141,183
140,183
139,183
138,183
138,184
139,184
139,185
138,185
137,185
137,184
137,183
136,183
136,184
136,185
136,186
135,186
134,186
134,185
134,184
133,184
133,183
133,182
133,181
132,181
131,181
131,182
131,183
131,184
130,184
129,184
129,183
128,183
128,182
129,182
130,182
130,181
129,181
128,181
127,181
127,180
128,180
129,180
130,180
131,180
132,180
132,179
132,178
131,178
131,179
130,179
130,178
130,177
131,177
132,177
133,177
133,176
134,176
134,175
135,175
136,175
136,174
137,174
137,175
138,175
138,176
139,176
139,177
138,177
138,178
138,179
139,179
139,178
140,178
141,178
142,178
142,177
143,177
143,178
144,178
145,178
145,179
145,180
144,180
144,179
143,179
142,179
142,180
143,180
143,181
142,181
142,182
142,183
142,184
143,184
143,183
143,182
144,182
144,181
145,181
145,182
146,182
146,183
146,184
146,185
146,186
145,186
144,186
143,186
143,185
142,185
142,186
141,186
141,187
142,187
143,187
144,187
144,188
143,188
143,189
142,189
142,188
141,188
141,189
141,190
141,191
142,191
142,192
141,192
141,193
141,194
142,194
142,195
142,196
142,197
141,197
140,197
139,197
139,198
139,199
140,199
140,198
141,198
141,199
141,200
142,200
142,199
143,199
143,200
144,200
145,200
146,200
146,201
146,202
147,202
147,201
147,200
148,200
148,201
149,201
150,201
151,201
151,200
151,199
151,198
151,197
152,197
152,198
152,199
153,199
153,200
153,201
153,202
154,202
154,201
155,201
155,200
154,200
154,199
154,198
153,198
153,197
153,196
153,195
152,195
152,196
151,196
150,196
150,195
149,195
149,194
150,194
150,193
150,192
150,191
149,191
149,192
148,192
147,192
147,191
146,191
146,190
147,190
148,190
149,190
150,190
150,189
149,189
149,188
150,188
151,188
152,188
153,188
153,189
154,189
155,189
155,190
156,190
156,191
156,192
157,192
157,191
157,190
157,189
157,188
156,188
155,188
154,188
154,187
153,187
152,187
152,186
153,186
153,185
152,185
152,184
153,184
153,183
152,183
152,182
151,182
151,181
152,181
152,180
153,180
153,181
154,181
154,180
154,179
153,179
153,178
154,178
154,177
154,176
155,176
155,177
156,177
156,178
157,178
158,178
158,179
158,180
159,180
159,181
159,182
158,182
158,181
157,181
157,182
157,183
157,184
158,184
158,185
159,185
159,186
158,186
158,187
159,187
159,188
158,188
158,189
158,190
158,191
158,192
158,193
157,193
156,193
156,194
156,195
156,196
156,197
156,198
155,198
155,199
156,199
157,199
157,198
158,198
158,199
158,200
159,200
160,200
161,200
161,201
162,201
162,200
163,200
164,200
165,200
165,201
166,201
166,200
167,200
167,199
166,199
166,198
166,197
167,197
168,197
168,196
167,196
166,196
165,196
164,196
164,195
164,194
164,193
163,193
163,194
162,194
162,193
162,192
163,192
164,192
165,192
165,193
165,194
166,194
167,194
167,195
168,195
168,194
168,193
169,193
169,194
169,195
169,196
170,196
170,197
170,198
169,198
168,198
168,199
169,199
169,200
168,200
168,201
167,201
167,202
168,202
169,202
170,202
171,202
171,201
171,200
172,200
173,200
174,200
174,201
175,201
175,202
176,202
176,201
176,200
177,200
178,200
178,201
177,201
177,202
178,202
179,202
180,202
180,201
179,201
179,200
179,199
179,198
180,198
180,199
181,199
182,199
182,200
182,201
183,201
184,201
185,201
185,202
186,202
187,202
188,202
188,201
188,200
189,200
189,199
190,199
190,198
191,198
191,197
192,197
193,197
194,197
194,198
193,198
192,198
192,199
191,199
191,200
190,200
190,201
189,201
189,202
190,202
191,202
191,201
192,201
193,201
193,200
193,199
194,199
195,199
195,200
194,200
194,201
195,201
196,201
196,200
197,200
197,201
198,201
199,201
200,201
200,202
201,202
201,201
201,200
200,200
199,200
198,200
198,199
197,199
196,199
196,198
195,198
195,197
196,197
196,196
196,195
195,195
195,196
194,196
193,196
193,195
194,195
194,194
193,194
193,193
194,193
194,192
194,191
195,191
196,191
196,192
197,192
197,193
196,193
196,194
197,194
198,194
198,193
198,192
198,191
197,191
197,190
197,189
197,188
197,187
198,187
198,188
199,188
199,189
198,189
198,190
199,190
200,190
200,191
201,191
201,190
201,189
200,189
200,188
200,187
200,186
199,186
198,186
198,185
197,185
197,184
198,184
198,183
197,183
196,183
196,182
196,181
197,181
197,180
197,179
197,178
198,178
198,179
198,180
199,180
199,181
198,181
198,182
199,182
199,183
200,183
200,184
201,184
201,183
202,183
202,184
202,185
201,185
201,186
202,186
202,187
202,188
202,189
202,190
202,191
202,192
202,193
202,194
202,195
202,196
201,196
201,197
202,197
202,198
202,199
202,200
202,201
202,202
